64
0.000000 0.000000 0.000000 0.000000 0.000000 0.000000 0.000000 0.000000 0.000000 0.000000 0.000000 0.000000 0.000000 0.000000 0.000000 0.000000 0.000000 0.000000 0.000000 0.000000 0.000000 0.000000 0.000000 0.000000 0.000000 0.000000 0.000000 0.000000 0.000000 0.000000 0.000000 0.000000 0.000000 0.000000 0.000000 0.000000 0.000000 0.000000 0.000000 0.000000 0.000000 0.000000 0.000000 0.000000 0.000000 0.000000 0.000000 0.000000 0.000000 0.000000 0.000000 0.000000 0.000000 0.000000 0.000000 0.000000 0.000000 0.000000 0.000000 0.000000 0.000000 0.000000 0.000000 0.000000
0.000000 0.336195 0.672390 1.008181 1.342358 1.672509 1.994689 2.303203 2.590647 2.848315 3.067100 3.238856 3.357976 3.422719 3.435740 3.403566 3.335289 3.240982 3.130352 3.011838 2.892191 2.776416 2.667961 2.568983 2.480671 2.403511 2.337534 2.282491 2.237999 2.203636 2.179017 2.163832 2.157889 2.161117 2.173580 2.195467 2.227078 2.268790 2.321014 2.384118 2.458332 2.543597 2.639387 2.744465 2.856601 2.972255 3.086302 3.191837 3.280244 3.341607 3.365631 3.343009 3.267021 3.134865 2.948186 2.712544 2.436071 2.127882 1.796702 1.449980 1.093496 0.731362 0.366289 0.000000
0.000000 0.672390 1.345184 2.017978 2.688740 3.352990 4.003042 4.627479 5.211071 5.735513 6.181230 6.530349 6.770329 6.897163 6.916674 6.843238 6.696606 6.498288 6.268589 6.024814 5.780508 5.545517 5.326443 5.127306 4.950191 4.795844 4.664135 4.554435 4.465870 4.397533 4.348598 4.318428 4.306608 4.313003 4.337738 4.381213 4.444055 4.527071 4.631148 4.757132 4.905613 5.076672 5.269487 5.481876 5.709682 5.946123 6.181114 6.400807 6.587531 6.720554 6.777907 6.739386 6.590210 6.324253 5.945337 5.465919 4.903860 4.278754 3.608945 2.909724 2.192643 1.465663 0.733793 0.000000
0.000000 1.008181 2.017978 3.029807 4.041637 5.047668 6.037014 6.992598 7.890647 8.701435 9.391962 9.930980 10.295835 10.478930 10.490559 10.356106 10.109615 9.786974 9.420912 9.038319 8.659517 8.298703 7.964997 7.663607 7.396949 7.165540 6.968737 6.805245 6.673524 6.572030 6.499426 6.454671 6.437122 6.446548 6.483162 6.547595 6.640866 6.764292 6.919385 7.107648 7.330325 7.587989 7.880022 8.203871 8.554137 8.921438 9.291233 9.642746 9.948524 10.175173 10.286065 10.246415 10.030184 9.626599 9.042992 8.301935 7.434697 6.474330 5.450603 4.387328 3.301691 2.204852 1.103222 0.000000
0.000000 1.342358 2.688740 4.041637 5.400332 6.759029 8.104751 9.415253 10.657484 11.787622 12.754202 13.505779 14.003099 14.232168 14.210524 13.981018 13.598777 13.119089 12.589765 12.048043 11.520541 11.024792 10.571234 10.165187 9.808457 9.500643 9.240028 9.024298 8.850949 8.717649 8.622404 8.563723 8.540664 8.552916 8.600771 8.685151 8.807524 8.969857 9.174452 9.423763 9.720051 10.064947 10.458740 10.899460 11.381557 11.894272 12.419631 12.930428 13.388651 13.745555 13.944763 13.930031 13.657513 13.108972 12.298096 11.264135 10.058664 8.733270 7.331808 5.887295 4.421940 2.948834 1.474244 0.000000
0.000000 1.672509 3.352990 5.047667 6.759029 8.483367 10.207707 11.906181 13.536417 15.037371 16.331451 17.334835 17.978624 18.236116 18.138361 17.758667 17.185394 16.500843 15.771027 15.043547 14.349826 13.708691 13.129977 12.617450 12.171072 11.788546 11.466457 11.200969 10.988344 10.825216 10.708839 10.637152 10.608913 10.623681 10.681873 10.784715 10.934238 11.133162 11.384819 11.692900 12.061188 12.493010 12.990547 13.553672 14.178373 14.854460 15.562606 16.270679 16.930111 17.473633 17.817413 17.871433 17.560869 16.853680 15.776291 14.397846 12.802558 11.068275 9.256066 7.408105 5.549943 3.694298 1.844922 0.000000
0.000000 1.994689 4.003042 6.037014 8.104751 10.207707 12.336529 14.465353 16.544636 18.493996 20.199394 21.523493 22.340443 22.595324 22.348139 21.729906 20.883286 19.927883 18.949951 18.005308 17.126528 16.330189 15.622532 15.003586 14.469831 14.016029 13.636286 13.324800 13.076241 12.886059 12.750582 12.667158 12.634157 12.651043 12.718328 12.837624 13.011551 13.243757 13.538761 13.901855 14.338786 14.855378 15.456769 16.146326 16.923801 17.782604 18.705650 19.659592 20.587479 21.401463 21.979824 22.177425 21.860853 20.968592 19.555542 17.748407 15.685446 13.481213 11.216078 8.939118 6.675427 4.433495 2.211144 0.000000
0.000000 2.303203 4.627479 6.992598 9.415253 11.906181 14.465353 17.074066 19.682785 22.194586 24.448647 26.219299 27.264347 27.456593 26.928978 25.929535 24.689978 23.377449 22.095604 20.901207 19.820812 18.862999 18.026403 17.304531 16.688667 16.169456 15.737883 15.385704 15.105791 14.892199 14.740297 14.646742 14.609543 14.628007 14.702803 14.835897 15.030615 15.291555 15.624641 16.036972 16.536751 17.132948 17.834848 18.651062 19.587917 20.646511 21.817820 23.074560 24.358770 25.564911 26.523010 26.997591 26.736534 25.604290 23.728886 21.354797 18.709610 15.955049 13.187918 10.456862 7.779159 5.153109 2.566161 0.000000
0.000000 2.590647 5.211071 7.890647 10.657484 13.536418 16.544636 19.682783 22.917849 26.152920 29.181309 31.640720 33.041061 33.037735 31.981642 30.369299 28.569641 26.796352 25.153811 23.683126 22.392515 21.274622 20.315552 19.499495 18.810844 18.235277 17.760084 17.374374 17.069019 16.836678 16.671669 16.570004 16.529264 16.548668 16.628979 16.772583 16.983452 17.267242 17.631277 18.084671 18.638294 19.304840 20.098614 21.035183 22.130299 23.397724 24.844559 26.462074 28.208134 29.976410 31.549715 32.553402 32.483406 30.983156 28.400919 25.232288 21.843151 18.441462 15.123683 11.921257 8.831238 5.833623 2.900392 0.000000
0.000000 2.848315 5.735512 8.701435 11.787622 15.037371 18.493996 22.194584 26.152918 30.317932 34.482952 38.121216 40.221451 39.671646 37.590569 34.996376 32.422958 30.084511 28.040182 26.284971 24.791529 23.527420 22.461721 21.567049 20.819977 20.200726 19.692837 19.282692 18.959272 18.713823 18.539734 18.432335 18.388882 18.408428 18.491896 18.642002 18.863403 19.162682 19.548592 20.032139 20.626951 21.349506 22.219616 23.260757 24.500393 25.969524 27.700645 29.721046 32.035297 34.582886 37.146053 39.182899 39.660542 37.444016 33.659348 29.330286 24.989252 20.843962 16.944099 13.273246 9.790915 6.449755 3.201783 0.000000
0.000000 3.067100 6.181230 9.391961 12.754201 16.331451 20.199394 24.448647 29.181307 34.482948 40.311348 46.139755 50.051872 47.836849 43.712620 39.602692 36.041298 33.078575 30.637434 28.625078 26.961210 25.581841 24.436867 23.487040 22.701286 22.054855 21.527843 21.104321 20.771557 20.519650 20.341112 20.230762 20.185497 20.204308 20.288174 20.440174 20.665472 20.971537 21.368263 21.868387 22.487867 23.246651 24.169582 25.287872 26.640991 28.279362 30.267452 32.686192 35.629120 39.173794 43.268715 47.371601 49.531845 45.473034 39.462173 33.440269 27.939606 23.001041 18.535507 14.436718 10.609419 6.972704 3.456985 0.000000
0.000000 3.238856 6.530349 9.930980 13.505779 17.334835 21.523495 26.219299 31.640720 38.121216 46.139755 56.074593 66.009430 57.911263 49.820381 43.660480 39.060993 35.551056 32.805935 30.616692 28.846428 27.401867 26.216906 25.242956 24.443316 23.789560 23.259405 22.835190 22.503029 22.252102 22.074348 21.964111 21.918085 21.935133 22.016363 22.165049 22.386822 22.689728 23.084579 23.585278 24.209518 24.979650 25.924227 27.080160 28.496368 30.239483 32.403645 35.127140 38.621223 43.214455 49.383427 57.502956 65.622223 55.454098 45.276043 37.029007 30.327871 24.685089 19.760183 15.328698 11.237345 7.374656 3.653456 0.000000
0.000000 3.357976 6.770329 10.295834 14.003099 17.978624 22.340445 27.264347 33.041058 40.221447 50.051865 66.009430 100.000000 67.978409 53.997166 46.157875 40.991142 37.258759 34.418556 32.189354 30.405945 28.962332 27.785927 26.824608 26.039463 25.400709 24.885025 24.474052 24.153271 23.911434 23.740067 23.633297 23.587597 23.601830 23.677095 23.816885 24.027039 24.316017 24.695053 25.178675 25.785276 26.538248 27.467514 28.612213 30.024837 31.778595 33.980499 36.797535 40.514191 45.679405 53.547577 67.634583 100.000000 65.445099 49.158897 39.071861 31.657784 25.651268 20.491440 15.880552 11.636605 7.635122 3.782184 0.000000
0.000000 3.422719 6.897162 10.478929 14.232167 18.236118 22.595324 27.456593 33.037735 39.671646 47.836849 57.911266 67.978409 60.005211 52.032013 45.982704 41.486969 38.074272 35.420223 33.316231 31.625708 30.255592 29.139912 28.230083 27.489271 26.888788 26.405981 26.022722 25.724611 25.500298 25.341244 25.241409 25.197235 25.207489 25.273359 25.398355 25.588486 25.852253 26.200991 26.649092 27.214710 27.920551 28.795418 29.876341 31.212219 32.869556 34.942261 37.568306 40.958618 45.441395 51.492924 59.487778 67.474998 57.167412 46.842590 38.441750 31.580143 25.770756 20.673767 16.065466 11.793410 7.747044 3.840157 0.000000
0.000000 3.435740 6.916674 10.490558 14.210524 18.138363 22.348141 26.928978 31.981640 37.590569 43.712616 49.820381 53.997166 52.032017 48.142990 44.253983 40.899765 38.131168 35.871830 34.029678 32.525063 31.294464 30.288050 29.466591 28.798748 28.259243 27.827394 27.486301 27.222155 27.023956 26.883205 26.793919 26.752443 26.757589 26.810495 26.914749 27.076290 27.303574 27.607563 28.002048 28.503918 29.133877 29.917269 30.885551 32.078144 33.545197 35.350670 37.574860 40.310581 43.634659 47.494942 51.348633 53.244801 48.906960 42.602322 36.272408 30.450279 25.177864 20.367405 15.914141 11.724524 7.719491 3.831400 0.000000
0.000000 3.403566 6.843238 10.356106 13.981018 17.758667 21.729908 25.929537 30.369299 34.996376 39.602692 43.660477 46.157875 45.982704 44.253983 41.990475 39.726982 37.678806 35.906288 34.405602 33.150440 32.109154 31.251282 30.549480 29.979942 29.522045 29.158104 28.872940 28.653809 28.490162 28.373768 28.298615 28.261093 28.259933 28.296341 28.373852 28.498413 28.678198 28.923698 29.247616 29.665085 30.193768 30.854280 31.670448 32.669655 33.882416 35.340408 37.069878 39.074219 41.291725 43.503578 45.167015 45.248631 42.613300 38.387352 33.595284 28.770721 24.123013 19.703857 15.499165 11.471058 7.574996 3.765956 0.000000
0.000000 3.335288 6.696606 10.109615 13.598777 17.185394 20.883287 24.689978 28.569641 32.422958 36.041298 39.060993 40.991142 41.486969 40.899765 39.726982 38.338890 36.950821 35.668915 34.536041 33.561943 32.740479 32.058445 31.500164 31.049496 30.690952 30.410030 30.193605 30.029976 29.909184 29.823093 29.765738 29.733377 29.724771 29.741083 29.785967 29.865311 29.987165 30.161417 30.399689 30.715038 31.121883 31.635639 32.272362 33.047615 33.974434 35.058681 36.290062 37.624687 38.954475 40.060631 40.567238 39.969398 37.910278 34.738495 30.950665 26.914309 22.839630 18.825848 14.907616 11.085548 7.343484 3.657430 0.000000
0.000000 3.240981 6.498288 9.786974 13.119091 16.500845 19.927883 23.377449 26.796352 30.084507 33.078571 35.551056 37.258755 38.074265 38.131165 37.678802 36.950821 36.116680 35.282562 34.507698 33.820869 33.232368 32.741913 32.343235 32.026989 31.782232 31.597527 31.461481 31.363375 31.293503 31.243746 31.207863 31.181978 31.164698 31.157320 31.163626 31.189758 31.243740 31.335178 31.474689 31.673553 31.943087 32.294086 32.735737 33.274063 33.909031 34.629860 35.407005 36.180027 36.840862 37.217270 37.071915 36.151474 34.319923 31.705711 28.554573 25.096241 21.495346 17.852299 14.219900 10.620043 7.055961 3.520280 0.000000
0.000000 3.130352 6.268589 9.420911 12.589764 15.771027 18.949949 22.095602 25.153807 28.040176 30.637430 32.805931 34.418556 35.420219 35.871826 35.906284 35.668915 35.282562 34.836952 34.391373 33.981468 33.626282 33.333603 33.103943 32.932999 32.813522 32.736366 32.691483 32.668541 32.657776 32.650528 32.640057 32.621975 32.594784 32.559875 32.521526 32.486362 32.462929 32.460869 32.490395 32.561401 32.682880 32.861893 33.102493 33.403870 33.757820 34.144726 34.528114 34.847553 35.011711 34.895672 34.351715 33.244652 31.512266 29.209852 26.465696 23.420736 20.193233 16.868101 13.499659 10.118761 6.740044 3.367731 0.000000
0.000000 3.011838 6.024813 9.038318 12.048041 15.043545 18.005306 20.901203 23.683123 26.284966 28.625071 30.616684 32.189354 33.316227 34.029675 34.405598 34.536041 34.507698 34.391373 34.239372 34.087402 33.957687 33.862343 33.805931 33.787605 33.802502 33.843002 33.899536 33.961605 34.018536 34.060608 34.079865 34.071152 34.032593 33.965942 33.876240 33.771305 33.660732 33.555054 33.464622 33.398842 33.365143 33.368164 33.408470 33.481155 33.573654 33.663158 33.713181 33.670403 33.462761 33.002041 32.194614 30.963202 29.274635 27.155758 24.677618 21.927795 18.988750 15.927228 12.791870 9.615307 6.417723 3.210602 0.000000
0.000000 2.892190 5.780508 8.659517 11.520540 14.349825 17.126526 19.820808 22.392509 24.791523 26.961203 28.846424 30.405943 31.625706 32.525059 33.150436 33.561943 33.820869 33.981464 34.087395 34.171074 34.254784 34.352158 34.469898 34.608986 34.765942 34.933601 35.102131 35.259804 35.394234 35.493500 35.547707 35.550179 35.498562 35.395069 35.246254 35.061882 34.853714 34.633987 34.414272 34.204212 34.010761 33.837158 33.682129 33.538616 33.392544 33.221069 32.991096 32.658127 32.166924 31.455116 30.461542 29.138901 27.467350 25.460926 23.161255 20.624081 17.906771 15.060190 12.125303 9.132873 6.104946 3.056955 0.000000
0.000000 2.776416 5.545517 8.298702 11.024792 13.708690 16.330185 18.862997 21.274616 23.527414 25.581835 27.401861 28.962330 30.255589 31.294460 32.109150 32.740479 33.232368 33.626278 33.957684 34.254784 34.538212 34.821678 35.112518 35.412575 35.718681 36.023407 36.315582 36.581318 36.805084 36.971516 37.067295 37.083366 37.016403 36.869587 36.651833 36.376320 36.058250 35.712994 35.354267 34.993042 34.636532 34.287651 33.944267 33.598705 33.236835 32.837532 32.372013 31.804131 31.091690 30.190002 29.057537 27.663548 25.994934 24.059380 21.882385 19.500523 16.954063 14.281481 11.516277 8.685944 5.812233 2.912276 0.000000
0.000000 2.667960 5.326443 7.964995 10.571233 13.129974 15.622530 18.026402 20.315548 22.461716 24.436861 26.216900 27.785923 29.139910 30.288046 31.251282 32.058445 32.741913 33.333603 33.862343 34.352161 34.821678 35.283821 35.745998 36.210121 36.672874 37.125763 37.555550 37.944801 38.273338 38.520187 38.666668 38.699585 38.614170 38.415043 38.115250 37.733315 37.290051 36.805473 36.296829 35.777161 35.254738 34.732639 34.208668 33.675095 33.118629 32.520214 31.855352 31.094688 30.205761 29.155664 27.915104 26.462816 24.789494 22.899275 20.808418 18.541565 16.127497 13.595391 10.972401 8.282393 5.545775 2.779914 0.000000
0.000000 2.568983 5.127305 7.663605 10.165185 12.617447 15.003582 17.304525 19.499489 21.567043 23.487034 25.242950 26.824602 28.230080 29.466587 30.549480 31.500166 32.343239 33.103943 33.805931 34.469902 35.112522 35.745998 36.377533 37.009106 37.636944 38.251297 38.836044 39.369076 39.823288 40.169300 40.379601 40.434216 40.325645 40.061234 39.660805 39.151711 38.563160 37.922089 37.250423 36.564095 35.872627 35.179569 34.482670 33.774445 33.042366 32.269405 31.434490 30.513569 29.481003 28.311840 26.984398 25.483168 23.800947 21.939846 19.910446 17.729845 15.418967 13.000208 10.495539 7.925463 5.308561 2.661610 0.000000
0.000000 2.480671 4.950190 7.396947 9.808456 12.171068 14.469828 16.688660 18.810839 20.819969 22.701279 24.443310 26.039457 27.489265 28.798744 29.979942 31.049496 32.026993 32.932999 33.787605 34.608994 35.412582 36.210121 37.009106 37.811817 38.614567 39.406433 40.168331 40.872173 41.481506 41.954124 42.248306 42.332031 42.193047 41.843449 41.315102 40.649559 39.888866 39.069298 38.218761 37.356152 36.492188 35.630333 34.768070 33.897648 33.007050 32.080559 31.099697 30.044088 28.892889 27.626297 26.227528 24.684505 22.991325 21.148714 19.163713 17.048401 14.818346 12.490936 10.084100 7.615359 5.101406 2.557966 0.000000
0.000000 2.403511 4.795844 7.165539 9.500641 11.788542 14.016026 16.169451 18.235271 20.200718 22.054846 23.789553 25.400703 26.888783 28.259239 29.522041 30.690948 31.782230 32.813526 33.802505 34.765949 35.718685 36.672882 37.636944 38.614567 39.603073 40.591618 41.558678 42.469856 43.276443 43.917458 44.327461 44.452629 44.271057 43.804489 43.106590 42.242638 41.273445 40.247547 39.199169 38.149643 37.109627 36.081585 35.061623 34.041096 33.007622 31.946142 30.839647 29.670258 28.420164 27.072979 25.614910 24.036045 22.331131 20.500008 18.547291 16.481728 14.315082 12.061113 9.734564 7.350482 4.923735 2.468851 0.000000
0.000000 2.337534 4.664135 6.968737 9.240027 11.466454 13.636281 15.737877 17.760077 19.692829 21.527836 23.259398 24.885017 26.405975 27.827389 29.158098 30.410028 31.597527 32.736366 33.843002 34.933605 36.023411 37.125767 38.251297 39.406437 40.591621 41.798286 43.004990 44.172138 45.237030 46.111816 46.691528 46.879967 46.634136 45.996868 45.064213 43.940960 42.714806 41.448280 40.180798 38.933628 37.715157 36.524757 35.355808 34.197495 33.036274 31.856741 30.642557 29.377129 28.044586 26.630550 25.123138 23.513639 21.797188 19.972889 18.043751 16.016136 13.899162 11.703871 9.442579 7.128269 4.774210 2.393703 0.000000
0.000000 2.282491 4.554435 6.805244 9.024296 11.200966 13.324795 15.385698 17.374369 19.282684 21.104313 22.835180 24.474045 26.022717 27.486298 28.872936 30.193605 31.461481 32.691483 33.899540 35.102131 36.315582 37.555550 38.836052 40.168343 41.558685 43.004990 44.490852 45.976753 47.387718 48.601318 49.446865 49.741642 49.388645 48.484715 47.212421 45.742264 44.196541 42.650036 41.142109 39.688992 38.292618 36.946548 35.639359 34.356861 33.083248 31.802059 30.496708 29.151173 27.750507 26.281551 24.733448 23.098228 21.371098 19.550652 17.638683 15.639936 13.561563 11.412650 9.203616 6.945817 4.651133 2.331754 0.000000
0.000000 2.237999 4.465870 6.673522 8.850947 10.988341 13.076238 15.105785 17.069014 18.959267 20.771549 22.503021 24.153263 25.724606 27.222153 28.653807 30.029976 31.363375 32.668541 33.961605 35.259804 36.581318 37.944805 39.369087 40.872185 42.469868 44.172142 45.976753 47.856285 49.735855 51.458862 52.753044 53.251099 52.694157 51.340927 49.558556 47.619141 45.679119 43.813217 42.048683 40.387619 38.819851 37.329468 35.898285 34.507339 33.137856 31.771549 30.391102 28.980350 27.524767 26.011709 24.430922 22.774729 21.038366 19.219938 17.320429 15.343361 13.294535 11.181547 9.013437 6.800250 4.552759 2.282180 0.000000
0.000000 2.203636 4.397532 6.572028 8.717649 10.825214 12.886056 14.892193 16.836672 18.713818 20.519642 22.252096 23.911430 25.500294 27.023952 28.490162 29.909184 31.293503 32.657780 34.018536 35.394230 36.805084 38.273346 39.823296 41.481518 43.276455 45.237038 47.387722 49.735855 52.240555 54.745296 56.855358 57.815609 56.795959 54.626343 52.061741 49.496689 47.087574 44.875103 42.851791 40.993015 39.269699 37.653259 36.116966 34.636429 33.189293 31.755249 30.315805 28.854425 27.356501 25.809650 24.203798 22.531446 20.787697 18.970352 17.079735 15.118577 13.091667 11.005592 8.868336 6.689000 4.477475 2.244213 0.000000
0.000000 2.179016 4.348598 6.499424 8.622402 10.708836 12.750577 14.740292 16.671663 18.539730 20.341106 22.074345 23.740063 25.341242 26.883204 28.373766 29.823090 31.243748 32.650532 34.060608 35.493500 36.971519 38.520191 40.169308 41.954132 43.917469 46.111820 48.601318 51.458862 54.745293 58.426399 62.107536 64.360016 62.047791 58.306755 54.565434 51.218311 48.299442 45.747837 43.490433 41.462952 39.612751 37.896893 36.279984 34.732124 33.227703 31.744350 30.262512 28.765047 27.237221 25.666599 24.043224 22.359564 20.610668 18.794035 16.909615 14.959544 12.947994 10.880820 8.765331 6.609941 4.423936 2.217197 0.000000
0.000000 2.163831 4.318426 6.454669 8.563721 10.637150 12.667154 14.646737 16.569996 18.432331 20.230759 21.964106 23.633293 25.241405 26.793915 28.298611 29.765734 31.207863 32.640060 34.079865 35.547710 37.067299 38.666672 40.379608 42.248314 44.327469 46.691532 49.446869 52.753044 56.855354 62.107533 68.788361 75.469200 68.728424 61.987511 56.674934 52.511745 49.144058 46.326431 43.899147 41.755688 39.821465 38.041653 36.373943 34.784451 33.245052 31.731998 30.224848 28.706085 27.160732 25.576357 23.942934 22.252966 20.501375 18.685549 16.805145 14.862023 12.859943 10.804388 8.702230 6.561510 4.391131 2.200644 0.000000
0.000000 2.157888 4.306607 6.437120 8.540661 10.608910 12.634153 14.609537 16.529259 18.388876 20.185493 21.918083 23.587597 25.197231 26.752441 28.261089 29.733376 31.181978 32.621979 34.071152 35.550179 37.083370 38.699593 40.434223 42.332039 44.452637 46.879971 49.741646 53.251099 57.815605 64.360016 75.469200 100.000000 75.409241 64.239937 57.635094 53.009674 49.438683 46.514687 44.024105 41.839184 39.875832 38.074318 36.389759 34.786674 33.236122 31.713745 30.198860 28.673719 27.123329 25.535164 23.899239 22.207994 20.456366 18.641640 16.763433 14.823462 12.825396 10.774557 8.677709 6.542739 4.378444 2.194247 0.000000
0.000000 2.161116 4.313001 6.446545 8.552913 10.623677 12.651039 14.628002 16.548664 18.408422 20.204304 21.935131 23.601828 25.207487 26.757589 28.259932 29.724771 31.164696 32.594788 34.032597 35.498566 37.016411 38.614178 40.325657 42.193054 44.271065 46.634140 49.388645 52.694157 56.795959 62.047791 68.728424 75.409241 68.668594 61.927963 56.615822 52.453236 49.086315 46.269608 43.843403 41.701183 39.768360 37.990105 36.324097 34.736443 33.199020 31.688066 30.183123 28.666664 27.123699 25.541779 23.910866 22.223455 20.474455 18.661247 16.783487 14.843025 12.843622 10.790760 8.691309 6.553308 4.385657 2.197905 0.000000
0.000000 2.173579 4.337736 6.483160 8.600768 10.681871 12.718325 14.702799 16.628973 18.491892 20.288170 22.016359 23.677094 25.273357 26.810493 28.296339 29.741083 31.157320 32.559875 33.965946 35.395069 36.869591 38.415047 40.061241 41.843456 43.804497 45.996876 48.484715 51.340927 54.626350 58.306759 61.987514 64.239944 61.927963 58.187492 54.447056 51.101139 48.183792 45.634026 43.378784 41.353794 39.506393 37.793648 36.180145 34.635983 33.135529 31.656380 30.178970 28.686123 27.163082 25.597385 23.979044 22.300505 20.556799 18.745409 16.866276 14.921530 12.915337 10.853552 8.743479 6.593527 4.412982 2.211716 0.000000
0.000000 2.195466 4.381212 6.547592 8.685148 10.784712 12.837620 14.835894 16.772577 18.641998 20.440170 22.165045 23.816883 25.398354 26.914749 28.373852 29.785967 31.163628 32.521526 33.876244 35.246258 36.651836 38.115253 39.660812 41.315109 43.106598 45.064213 47.212418 49.558556 52.061745 54.565437 56.674934 57.635094 56.615818 54.447056 51.883774 49.320526 46.913689 44.703983 42.683918 40.828876 39.109772 37.498013 35.966858 34.491886 33.050716 31.623016 30.190250 28.735838 27.245127 25.705692 24.107418 22.442772 20.706825 18.897358 17.014679 15.061514 13.042645 10.964655 8.835526 6.664355 4.461025 2.235982 0.000000
0.000000 2.227077 4.444053 6.640863 8.807520 10.934235 13.011547 15.030610 16.983448 18.863400 20.665470 22.386822 24.027039 25.588486 27.076292 28.498413 29.865311 31.189762 32.486362 33.771309 35.061882 36.376320 37.733315 39.151711 40.649563 42.242641 43.940964 45.742264 47.619141 49.496696 51.218315 52.511745 53.009674 52.453236 51.101135 49.320526 47.383507 45.446522 43.584305 41.824108 40.168026 38.605888 37.121769 35.697460 34.313980 32.952511 31.594723 30.223244 28.821850 27.375948 25.872843 24.302214 22.656340 20.930412 19.122515 17.233604 15.267202 13.229101 11.126900 8.969632 6.767341 4.530792 2.271188 0.000000
0.000000 2.268789 4.527069 6.764289 8.969854 11.133159 13.243754 15.291553 17.267239 19.162680 20.971535 22.689728 24.316019 25.852255 27.303579 28.678200 29.987169 31.243746 32.462929 33.660736 34.853714 36.058250 37.290051 38.563160 39.888863 41.273445 42.714806 44.196541 45.679119 47.087570 48.299442 49.144058 49.438683 49.086311 48.183792 46.913689 45.446522 43.904587 42.362686 40.860176 39.413300 38.023987 36.685783 35.387238 34.114136 32.850624 31.580185 30.286152 28.952427 27.563980 26.107571 24.572254 22.950005 21.235973 19.428722 17.530024 15.544619 13.479659 11.344232 9.148762 6.904599 4.623614 2.317982 0.000000
0.000000 2.321013 4.631146 6.919383 9.174448 11.384815 13.538758 15.624639 17.631275 19.548588 21.368259 23.084579 24.695053 26.200991 27.607567 28.923702 30.161421 31.335184 32.460876 33.555061 34.633995 35.712997 36.805473 37.922089 39.069298 40.247547 41.448277 42.650036 43.813217 44.875099 45.747833 46.326435 46.514690 46.269608 45.634026 44.703983 43.584305 42.362682 41.101665 39.840683 38.601017 37.391045 36.210133 35.051636 33.904701 32.755737 31.589249 30.388811 29.137732 27.820028 26.421204 24.929276 23.335451 21.634798 19.826380 17.913187 15.901590 13.800713 11.621607 9.376602 7.078678 4.741094 2.377127 0.000000
0.000000 2.384118 4.757130 7.107646 9.423759 11.692897 13.901852 16.036968 18.084669 20.032139 21.868385 23.585278 25.178673 26.649090 28.002048 29.247616 30.399691 31.474691 32.490402 33.464630 34.414276 35.354271 36.296829 37.250423 38.218758 39.199165 40.180794 41.142105 42.048683 42.851784 43.490425 43.899147 44.024105 43.843403 43.378784 42.683922 41.824104 40.860176 39.840683 38.799881 37.759109 36.729042 35.712135 34.704472 33.697365 32.678368 31.632324 30.542114 29.389723 28.157196 26.827999 25.388195 23.827770 22.141392 20.328850 18.394756 16.347874 14.199992 11.964903 9.657365 7.292430 4.884955 2.449436 0.000000
0.000000 2.458331 4.905611 7.330323 9.720049 12.061184 14.338782 16.536747 18.638292 20.626949 22.487864 24.209515 25.785273 27.214706 28.503914 29.665085 30.715038 31.673553 32.561405 33.398849 34.204216 34.993042 35.777157 36.564087 37.356148 38.149639 38.933624 39.688992 40.387615 40.993011 41.462952 41.755688 41.839184 41.701183 41.353790 40.828876 40.168022 39.413300 38.601017 37.759109 36.906509 36.053947 35.204899 34.356819 33.501923 32.628109 31.719563 30.757658 29.721848 28.591091 27.345394 25.967789 24.446053 22.774183 20.952868 18.989151 16.895155 14.686506 12.380647 9.995541 7.548724 5.056869 2.535662 0.000000
0.000000 2.543596 5.076670 7.587986 10.064945 12.493006 14.855373 17.132942 19.304836 21.349503 23.246647 24.979649 26.538246 27.920547 29.133873 30.193768 31.121883 31.943085 32.682884 33.365150 34.010765 34.636532 35.254738 35.872623 36.492180 37.109619 37.715153 38.292618 38.819851 39.269699 39.612751 39.821461 39.875828 39.768360 39.506390 39.109772 38.605885 38.023983 37.391041 36.729038 36.053944 35.375340 34.696762 34.015980 33.325459 32.612591 31.860226 31.047108 30.148972 29.139923 27.994747 26.691513 25.214512 23.556425 21.719322 19.713825 17.557116 15.270231 12.875657 10.395428 7.850068 5.258136 2.636346 0.000000
0.000000 2.639386 5.269485 7.880019 10.458737 12.990545 15.456766 17.834845 20.098610 22.219610 24.169579 25.924225 27.467512 28.795416 29.917265 30.854279 31.635637 32.294086 32.861893 33.368168 33.837162 34.287651 34.732639 35.179565 35.630329 36.081577 36.524754 36.946548 37.329468 37.653255 37.896889 38.041649 38.074314 37.990101 37.793640 37.498009 37.121761 36.685776 36.210129 35.712132 35.204899 34.696766 34.190842 33.684952 33.171341 32.636635 32.061638 31.421638 30.687004 29.824934 28.802162 27.589050 26.164059 24.517723 22.654169 20.589745 18.349255 15.961672 13.456324 10.860461 8.197986 5.489269 2.751586 0.000000
0.000000 2.744465 5.481875 8.203869 10.899457 13.553669 16.146322 18.651058 21.035179 23.260754 25.287868 27.080158 28.612211 29.876337 30.885548 31.670446 32.272358 32.735737 33.102493 33.408470 33.682129 33.944271 34.208668 34.482670 34.768063 35.061619 35.355804 35.639359 35.898285 36.116966 36.279980 36.373936 36.389755 36.324089 36.180141 35.966854 35.697456 35.387230 35.051628 34.704468 34.356815 34.015980 33.684952 33.361649 33.038383 32.700966 32.328114 31.890804 31.352526 30.670647 29.799967 28.698462 27.334990 25.696241 23.789923 21.641724 19.288515 16.770876 14.127524 11.392109 8.592156 5.749367 2.880735 0.000000
0.000000 2.856600 5.709682 8.554135 11.381554 14.178370 16.923798 19.587915 22.130293 24.500387 26.640985 28.496365 30.024836 31.212215 32.078140 32.669655 33.047615 33.274063 33.403870 33.481155 33.538620 33.598705 33.675095 33.774441 33.897644 34.041096 34.197491 34.356857 34.507339 34.636429 34.732121 34.784443 34.786671 34.736435 34.635979 34.491879 34.313972 34.114128 33.904694 33.697361 33.501919 33.325459 33.171337 33.038380 32.919571 32.800789 32.659054 32.460987 32.161652 31.705215 31.028593 30.069885 28.781193 27.142372 25.167553 22.898739 20.392206 17.705812 14.890791 11.988305 9.029164 6.035316 3.021986 0.000000
0.000000 2.972255 5.946122 8.921436 11.894269 14.854458 17.782604 20.646509 23.397720 25.969519 28.279358 30.239479 31.778591 32.869553 33.545189 33.882408 33.974434 33.909031 33.757820 33.573654 33.392544 33.236835 33.118626 33.042358 33.007042 33.007622 33.036274 33.083244 33.137856 33.189293 33.227703 33.245049 33.236118 33.199017 33.135517 33.050709 32.952503 32.850616 32.755730 32.678360 32.628105 32.612587 32.636631 32.700966 32.800789 32.923569 33.046371 33.132439 33.127922 32.959965 32.539349 31.771299 30.577559 28.924501 26.839207 24.393475 21.675783 18.769379 15.741535 12.641158 9.500891 6.340746 3.171896 0.000000
0.000000 3.086302 6.181114 9.291231 12.419629 15.562604 18.705650 21.817820 24.844559 27.700642 30.267450 32.403641 33.980499 34.942257 35.350666 35.340408 35.058678 34.629860 34.144726 33.663158 33.221069 32.837532 32.520210 32.269402 32.080551 31.946136 31.856739 31.802061 31.771551 31.755249 31.744347 31.731995 31.713741 31.688061 31.656372 31.623011 31.594717 31.580181 31.589243 31.632318 31.719561 31.860222 32.061638 32.328114 32.659050 33.046371 33.470436 33.894524 34.257629 34.467426 34.397541 33.898438 32.833244 31.138899 28.871300 26.160192 23.148073 19.954399 16.664814 13.333914 9.992495 6.654888 3.324850 0.000000
0.000000 3.191837 6.400807 9.642745 12.930427 16.270679 19.659592 23.074558 26.462070 29.721041 32.686188 35.127140 36.797535 37.568310 37.574856 37.069870 36.290058 35.407001 34.528114 33.713181 32.991096 32.372013 31.855349 31.434486 31.099693 30.839642 30.642551 30.496704 30.391102 30.315807 30.262508 30.224842 30.198854 30.183119 30.178963 30.190243 30.223236 30.286146 30.388809 30.542110 30.757656 31.047106 31.421637 31.890802 32.460983 33.132439 33.894524 34.717590 35.540684 36.254570 36.684982 36.591667 35.718117 33.926548 31.346924 28.227924 24.801933 21.235338 17.629421 14.037191 10.480296 6.961461 3.472620 0.000000
0.000000 3.280244 6.587531 9.948524 13.388651 16.930109 20.587479 24.358768 28.208130 32.035294 35.629120 38.621227 40.514191 40.958618 40.310577 39.074211 37.624680 36.180023 34.847553 33.670406 32.658127 31.804129 31.094687 30.513565 30.044086 29.670254 29.377125 29.151169 28.980349 28.854424 28.765041 28.706079 28.673714 28.666660 28.686115 28.735828 28.821842 28.952423 29.137730 29.389721 29.721844 30.148970 30.687004 31.352526 32.161652 33.127922 34.257626 35.540680 36.932945 38.325226 39.496155 40.065163 39.521004 37.502285 34.361927 30.602669 26.596401 22.555616 18.580343 14.705140 10.930041 7.238042 3.604172 0.000000
0.000000 3.341607 6.720554 10.175173 13.745554 17.473631 21.401459 25.564907 29.976408 34.582878 39.173790 43.214455 45.679401 45.441391 43.634659 41.291721 38.954475 36.840862 35.011711 33.462761 32.166924 31.091690 30.205761 29.480999 28.892887 28.420162 28.044584 27.750504 27.524763 27.356497 27.237215 27.160727 27.123323 27.123693 27.163078 27.245121 27.375946 27.563976 27.820026 28.157194 28.591089 29.139921 29.824934 30.670647 31.705212 32.959965 34.467422 36.254570 38.325226 40.617241 42.909271 44.651836 44.798485 42.199654 37.995861 33.224419 28.425402 23.810387 19.431206 15.272984 11.296691 7.456493 3.706027 0.000000
0.000000 3.365631 6.777907 10.286064 13.944763 17.817413 21.979824 26.523008 31.549711 37.146049 43.268707 49.383423 53.547577 51.492920 47.494942 43.503578 40.060631 37.217270 34.895676 33.002045 31.455116 30.190002 29.155663 28.311836 27.626293 27.072977 26.630547 26.281549 26.011703 25.809647 25.666592 25.576351 25.535154 25.541773 25.597380 25.705688 25.872839 26.107567 26.421204 26.827995 27.345392 27.994747 28.802162 29.799965 31.028591 32.539349 34.397537 36.684982 39.496155 42.909271 46.871857 50.834450 52.821449 48.501995 42.197445 35.873756 30.070402 24.829340 20.061106 15.658910 11.527247 7.585217 3.763443 0.000000
0.000000 3.343009 6.739385 10.246414 13.930029 17.871429 22.177423 26.997589 32.553398 39.182892 47.371597 57.502953 67.634583 59.487778 51.348633 45.167015 40.567238 37.071915 34.351715 32.194618 30.461544 29.057539 27.915104 26.984394 26.227524 25.614906 25.123133 24.733442 24.430914 24.203789 24.043215 23.942924 23.899231 23.910860 23.979038 24.107414 24.302210 24.572250 24.929276 25.388195 25.967789 26.691511 27.589046 28.698460 30.069885 31.771297 33.898438 36.591667 40.065166 44.651836 50.834450 58.992661 67.150879 56.789429 46.418186 38.002762 31.153116 25.375467 20.324976 15.774301 11.568175 7.593688 3.762531 0.000000
0.000000 3.267020 6.590209 10.030184 13.657511 17.560867 21.860851 26.736532 32.483406 39.660538 49.531845 65.622223 100.000000 67.474998 53.244801 45.248627 39.969398 36.151474 33.244656 30.963203 29.138901 27.663548 26.462816 25.483164 24.684502 24.036041 23.513634 23.098221 22.774721 22.531437 22.359554 22.252960 22.207989 22.223448 22.300499 22.442766 22.656334 22.950001 23.335449 23.827772 24.446051 25.214510 26.164055 27.334986 28.781189 30.577559 32.833244 35.718117 39.521004 44.798485 52.821449 67.150887 100.000000 65.086662 48.683105 38.566006 31.163837 25.194447 20.089035 15.545151 11.377466 7.458831 3.692993 0.000000
0.000000 3.134864 6.324252 9.626598 13.108971 16.853678 20.968590 25.604288 30.983156 37.444016 45.473030 55.454094 65.445099 57.167408 48.906956 42.613300 37.910278 34.319923 31.512266 29.274637 27.467350 25.994932 24.789494 23.800945 22.991320 22.331125 21.797184 21.371090 21.038357 20.787689 20.610661 20.501369 20.456360 20.474449 20.556793 20.706818 20.930408 21.235970 21.634796 22.141388 22.774181 23.556423 24.517723 25.696239 27.142368 28.924501 31.138899 33.926552 37.502285 42.199654 48.501995 56.789429 65.086662 54.874119 44.661575 36.414326 29.741783 24.149445 19.291574 14.939798 10.937711 7.171176 3.550611 0.000000
0.000000 2.948186 5.945336 9.042991 12.298095 15.776290 19.555542 23.728886 28.400917 33.659348 39.462170 45.276039 49.158894 46.842594 42.602325 38.387352 34.738495 31.705711 29.209852 27.155760 25.460928 24.059381 22.899275 21.939844 21.148710 20.500002 19.972885 19.550646 19.219933 18.970345 18.794029 18.685543 18.641632 18.661242 18.745403 18.897350 19.122509 19.428719 19.826376 20.328846 20.952866 21.719320 22.654165 23.789919 25.167549 26.839205 28.871300 31.346926 34.361931 37.995865 42.197449 46.418186 48.683105 44.661579 38.674759 32.687946 27.239527 22.369980 17.988022 13.984767 10.262401 6.737555 3.338276 0.000000
0.000000 2.712543 5.465919 8.301934 11.264134 14.397846 17.748407 21.354795 25.232286 29.330284 33.440266 37.029003 39.071854 38.441750 36.272411 33.595284 30.950666 28.554573 26.465696 24.677622 23.161255 21.882387 20.808418 19.910446 19.163710 18.547287 18.043745 17.638678 17.320423 17.079727 16.909609 16.805140 16.763428 16.783482 16.866270 17.014671 17.233599 17.530018 17.913183 18.394753 18.989147 19.713821 20.589741 21.641720 22.898737 24.393471 26.160191 28.227924 30.602669 33.224415 35.873756 38.002766 38.566006 36.414326 32.687946 28.423172 24.158403 20.102930 16.305773 12.748846 9.389575 6.178366 3.064940 0.000000
0.000000 2.436071 4.903860 7.434697 10.058663 12.802557 15.685446 18.709610 21.843151 24.989250 27.939602 30.327866 31.657780 31.580143 30.450283 28.770721 26.914310 25.096243 23.420738 21.927799 20.624083 19.500525 18.541563 17.729843 17.048397 16.481724 16.016132 15.639932 15.343356 15.118572 14.959539 14.862019 14.823456 14.843019 14.921524 15.061508 15.267197 15.544615 15.901587 16.347870 16.895151 17.557114 18.349251 19.288511 20.392202 21.675779 23.148071 24.801933 26.596401 28.425402 30.070398 31.153116 31.163836 29.741783 27.239527 24.158401 20.867985 17.577568 14.383293 11.315273 8.368689 5.521398 2.743119 0.000000
0.000000 2.127882 4.278754 6.474330 8.733269 11.068275 13.481212 15.955049 18.441460 20.843960 23.001038 24.685085 25.651266 25.770758 25.177866 24.123016 22.839630 21.495348 20.193235 18.988754 17.906773 16.954062 16.127497 15.418966 14.818344 14.315077 13.899158 13.561560 13.294530 13.091663 12.947989 12.859940 12.825391 12.843617 12.915333 13.042641 13.229097 13.479656 13.800709 14.199989 14.686503 15.270229 15.961668 16.770872 17.705811 18.769375 19.954399 21.235338 22.555616 23.810389 24.829338 25.375467 25.194445 24.149445 22.369980 20.102930 17.577568 14.956064 12.334564 9.760262 7.248510 4.795419 2.386137 0.000000
0.000000 1.796702 3.608945 5.450603 7.331807 9.256065 11.216078 13.187918 15.123682 16.944099 18.535507 19.760181 20.491440 20.673767 20.367407 19.703857 18.825848 17.852299 16.868101 15.927230 15.060191 14.281480 13.595390 13.000208 12.490934 12.061110 11.703867 11.412645 11.181543 11.005589 10.880816 10.804384 10.774553 10.790756 10.853548 10.964652 11.126896 11.344229 11.621605 11.964901 12.380644 12.875655 13.456322 14.127522 14.890789 15.741534 16.664814 17.629421 18.580341 19.431204 20.061104 20.324978 20.089035 19.291574 17.988022 16.305773 14.383293 12.334564 10.238635 8.142708 6.069669 4.025634 2.006010 0.000000
0.000000 1.449980 2.909724 4.387328 5.887295 7.408105 8.939117 10.456861 11.921257 13.273246 14.436718 15.328698 15.880552 16.065466 15.914140 15.499166 14.907615 14.219899 13.499658 12.791870 12.125302 11.516277 10.972399 10.495537 10.084098 9.734562 9.442577 9.203613 9.013434 8.868333 8.765329 8.702227 8.677706 8.691306 8.743475 8.835523 8.969629 9.148760 9.376601 9.657363 9.995539 10.395426 10.860459 11.392106 11.988304 12.641157 13.333914 14.037189 14.705137 15.272982 15.658907 15.774301 15.545149 14.939798 13.984768 12.748846 11.315272 9.760262 8.142708 6.502266 4.861825 3.231439 1.612269 0.000000
0.000000 1.093496 2.192643 3.301691 4.421940 5.549943 6.675428 7.779160 8.831238 9.790915 10.609420 11.237345 11.636606 11.793409 11.724522 11.471058 11.085548 10.620042 10.118759 9.615306 9.132872 8.685944 8.282392 7.925462 7.615358 7.350480 7.128266 6.945814 6.800248 6.688998 6.609939 6.561508 6.542737 6.553306 6.593525 6.664352 6.767339 6.904597 7.078677 7.292429 7.548722 7.850067 8.197985 8.592155 9.029163 9.500891 9.992495 10.480295 10.930039 11.296689 11.527246 11.568174 11.377465 10.937710 10.262401 9.389576 8.368689 7.248509 6.069669 4.861825 3.643927 2.426029 1.211628 0.000000
0.000000 0.731362 1.465663 2.204852 2.948833 3.694298 4.433495 5.153110 5.833624 6.449756 6.972704 7.374656 7.635122 7.747044 7.719490 7.574996 7.343483 7.055960 6.740043 6.417722 6.104945 5.812232 5.545774 5.308560 5.101404 4.923734 4.774208 4.651131 4.552758 4.477473 4.423934 4.391129 4.378442 4.385655 4.412980 4.461024 4.530791 4.623613 4.741093 4.884954 5.056868 5.258135 5.489268 5.749366 6.035315 6.340745 6.654888 6.961460 7.238041 7.456492 7.585217 7.593688 7.458830 7.171176 6.737556 6.178367 5.521398 4.795419 4.025634 3.231439 2.426029 1.617121 0.808214 0.000000
0.000000 0.366289 0.733793 1.103222 1.474244 1.844922 2.211144 2.566161 2.900392 3.201783 3.456985 3.653456 3.782183 3.840157 3.831400 3.765956 3.657429 3.520280 3.367730 3.210602 3.056955 2.912275 2.779914 2.661610 2.557965 2.468850 2.393702 2.331753 2.282180 2.244212 2.217196 2.200643 2.194246 2.197904 2.211715 2.235981 2.271187 2.317982 2.377126 2.449435 2.535661 2.636345 2.751586 2.880734 3.021985 3.171895 3.324850 3.472620 3.604171 3.706027 3.763443 3.762531 3.692992 3.550611 3.338276 3.064940 2.743119 2.386137 2.006010 1.612269 1.211628 0.808214 0.404107 0.000000
0.000000 0.000000 0.000000 0.000000 0.000000 0.000000 0.000000 0.000000 0.000000 0.000000 0.000000 0.000000 0.000000 0.000000 0.000000 0.000000 0.000000 0.000000 0.000000 0.000000 0.000000 0.000000 0.000000 0.000000 0.000000 0.000000 0.000000 0.000000 0.000000 0.000000 0.000000 0.000000 0.000000 0.000000 0.000000 0.000000 0.000000 0.000000 0.000000 0.000000 0.000000 0.000000 0.000000 0.000000 0.000000 0.000000 0.000000 0.000000 0.000000 0.000000 0.000000 0.000000 0.000000 0.000000 0.000000 0.000000 0.000000 0.000000 0.000000 0.000000 0.000000 0.000000 0.000000 0.000000
